0.002378
0.001077
0.00097
0.001095
0.000944
0.001292
0.001084
0.001084
0.000963
0.000963
0.000956
0.000956
0.001329
0.001329
0.001179
0.001186
0.192144
0.192144
0.192144
0.192144
0.001458
0.008989
0.001335
0.001314
0.000984
0.00777
0.001217
0.00099
0.00099
0.000975
0.001376
0.00106
0.001003
0.001044
0.001078
0.001078
0.001
0.001129
0.001005
0.001307
0.001009
0.001003
0.001308
0.001023
0.001023
0.001291
0.001009
0.001098
0.00129
0.001009
0.000994
0.000994
0.001
0.001
0.000981
0.002946
0.00098
0.000989
0.001001
0.001001
0.000994
0.000978
0.000993
0.001031
0.001031
0.000991
0.000991
0.000993
0.001026
0.001053
0.001024
0.000997
0.001013
0.000997
0.000997
0.004242
0.001367
0.001044
0.001001
0.001007
0.001025
0.003531
0.001
0.000981
0.000992
0.00099
0.00099
0.001477
0.001011
0.001011
0.001028
0.001015
0.001021
0.001002
0.001001
0.001006
0.001006
0.001015
0.000966
0.000966
===============================================================================
test cases: 1 | 1 passed
assertions: - none -

